164
892
1012
1081
1150
1187
1529
1654
1839
2508
2514
3148
3178
3225
3250
4929
5055
5152
5213
5300
5319
5814
5876
5877
5907
6749
6893
7018
7058
7167
7807
8058
8355
8471
8961
9220
9998
10034
10772
10913
11462
11853
11863
11987
12032
12392
12411
12676
13214
13464
13532
13732
14014
14624
14826
15140
15196
15213
17418
17772
17871
18026
18150
18427
19113
19465
19951
20533
21657
21773
21900
22663
23328
23729
24176
24799
24919
25001
25904
26328
26719
27121
27853
27857
28527
28856
30195
30329
30418
30584
30755
30849
31185
31316
31364
32016
33624
33710
33949
34898
37509
37913
38066
38168
38770
40041
40441
40616
41293
41426
41747
41993
42094
43073
43196
43306
45580
46561
47774
47824
47917
48675
48689
48800
48995
49487
49676
49923
50203
50534
51232
52255
52331
52573
53488
54477
56070
57035
57355
57435
58441
58573
59641
59974
60306
61047
61206
61556
62090
62487
62799
63249
63675
63880
