169
178
285
454
575
598
617
657
775
829
988
1025
1136
1443
1462
1495
1661
1734
1941
2081
2240
2241
2563
2670
2802
3015
3130
3289
3685
3772
4368
4609
4625
4946
5087
5157
5254
5463
5707
5979
6017
6139
6255
6365
6498
6775
6834
6918
7000
7057
7107
7303
7305
7477
7700
8182
8454
8591
8613
8820
8927
9209
9278
9784
9790
9877
10288
10370
10692
11281
11304
11386
11819
11944
11982
12006
12021
12166
12319
12330
12381
12753
12773
12795
13007
13015
13304
13388
13584
13751
13867
13926
14027
14070
14212
14267
14623
14904
15339
15382
15512
15562
15695
15704
15710
16124
16129
16202
16407
17426
17467
17680
17683
17736
17863
17985
18118
18192
18356
18600
18623
18872
18947
19013
19146
19590
19767
19837
19880
20055
20112
20418
20489
20547
20581
20589
20725
20737
20757
20810
20830
20861
21278
21454
21491
21560
21939
22177
22521
22661
22907
23156
23874
24104
24591
24735
25014
25129
25246
25315
25375
25424
25450
25558
25599
25602
25957
25995
26061
26194
26294
26576
26629
26693
27040
27188
27201
27390
27728
27938
28118
28952
29230
29345
29435
29462
29474
29580
29596
29628
29676
30057
30414
30506
30663
30801
30887
30897
30952
31044
31049
31302
31465
31601
31631
31675
31678
31729
31945
32123
32379
32469
32483
32549
32687
32692
32776
32793
33230
33393
33396
33452
33502
33556
33628
33659
33850
33869
33967
34097
34172
34194
34231
34436
34547
34741
34758
34841
34891
34959
35010
35254
35432
35539
35549
35703
35852
36421
36427
36437
36443
36740
36966
36971
36994
37094
37097
37257
37378
37520
37763
37805
37985
38123
38143
38300
38465
38668
38894
39236
39246
39273
39421
39625
39763
39910
40054
40580
40738
40917
41184
41443
41589
41681
41894
41925
42063
42168
42184
42640
43066
43096
43197
43358
43386
43778
43825
43907
44061
44192
44223
44613
44732
44776
44797
44840
44871
45042
45333
45521
45628
45774
45891
45948
45955
46000
46726
46763
46764
46822
47064
47261
47447
47474
47786
48315
48482
48877
48953
48991
49086
49461
49492
49645
49946
49959
49961
50408
50673
50886
50916
51705
51871
52174
52529
52538
52714
52883
52967
53003
53265
53275
53351
53642
53701
53711
53771
53967
54092
54292
54420
54675
54892
55329
55469
55634
55680
55846
56235
56339
56362
56372
56412
56514
56643
56974
57148
57233
57276
57306
57425
57464
57499
57793
57931
58253
58322
58324
58387
58444
58531
58594
58644
58747
58934
59005
59144
59367
59561
59701
59773
60049
60119
60429
60515
60522
60597
60822
60932
61029
61254
61393
61792
62119
62209
62254
62265
62308
62504
62752
62934
63024
63289
63354
63435
63463
63499
63697
63833
63893
64020
64089
64288
64344
64378
64400
64401
64597
64598
64663
64672
64976
65197
65399
65537
65556
65573
65972
66053
66228
66457
66910
67202
67350
67401
67440
67580
67654
67724
67754
67846
67919
68206
68308
68488
68837
68956
69176
69278
69435
70164
70218
70416
70529
70640
70740
70755
70855
70929
70938
71163
71255
71302
71340
71371
71382
71507
71741
71929
71942
71953
71993
72090
72135
72210
72323
72394
72399
72597
72630
72789
72873
73165
73486
73525
73802
74169
74264
74299
74321
74352
74360
74363
74475
74604
74868
75019
75116
75403
75486
75602
75739
75779
75793
75807
75856
76000
76393
76473
76790
76829
76902
77058
77180
77270
77301
77469
77471
77474
77487
78159
78489
78749
78887
79010
79352
79437
79513
79737
80176
80216
80388
80445
81028
81123
81170
81173
81254
81487
81811
81961
81966
82009
82124
82546
82576
83138
83291
83899
84053
84181
84229
84464
84472
84556
84873
85015
85099
85107
85272
85290
85638
85684
85689
85926
85948
86121
86187
86479
86547
86594
86595
87268
87270
87584
87627
87700
87792
88022
88026
88074
88156
88401
88428
88573
88641
89042
89216
89420
89424
89748
89794
89831
89947
89957
90007
90312
90461
90559
90642
91037
91430
91684
91834
91861
92082
92113
92139
92217
92374
92516
92731
92863
93506
93522
93592
93754
93788
93798
93976
94081
94122
94235
94300
94369
94468
94706
94955
94957
95366
95568
95987
96005
96040
96052
96437
96468
96675
96698
96853
96931
96935
97114
97206
97304
97557
97804
97815
97817
98080
98162
98294
98575
98677
98714
98966
98986
98991
99101
99211
99213
99216
99435
99464
99527
99905
146692
186216
455889
495505
512118
517776
781948
