24
48
57
63
69
72
86
89
92
96
114
123
124
169
169
170
178
178
187
190
194
205
208
221
237
245
258
261
277
285
285
315
322
328
330
335
336
339
421
445
451
454
454
463
469
495
512
518
527
530
575
579
590
598
598
602
612
617
617
638
657
661
665
666
669
693
694
699
716
718
723
728
736
737
749
752
770
775
792
798
804
828
829
829
833
846
865
868
871
877
901
912
915
932
949
988
988
992
1020
1025
1066
1072
1113
1136
1136
1165
1180
1189
1256
1263
1285
1288
1317
1365
1381
1388
1443
1445
1450
1483
1495
1495
1506
1515
1520
1522
1526
1567
1599
1600
1617
1632
1635
1637
1647
1651
1652
1656
1661
1673
1676
1689
1691
1734
1734
1767
1857
1924
1941
1941
1953
1976
2021
2048
2075
2081
2081
2082
2172
2240
2240
2241
2241
2261
2264
2277
2288
2301
2350
2364
2416
2456
2481
2558
2563
2577
2578
2607
2670
2670
2772
2793
2801
2802
2821
2884
2902
2911
2971
2977
3015
3015
3099
3112
3130
3130
3152
3188
3199
3232
3285
3289
3289
3294
3342
3349
3350
3426
3467
3469
3476
3496
3631
3635
3637
3685
3685
3699
3772
3772
3788
3801
3900
3901
3925
3973
3975
4023
4034
4054
4074
4089
4118
4257
4267
4321
4368
4368
4420
4467
4538
4540
4591
4603
4609
4609
4625
4714
4813
4855
4891
4941
4946
4946
4950
5087
5100
5157
5157
5179
5222
5225
5254
5265
5374
5453
5463
5463
5468
5482
5490
5514
5548
5557
5588
5624
5629
5707
5714
5727
5766
5851
5964
5979
5979
6017
6053
6056
6139
6182
6185
6218
6240
6247
6255
6275
6281
6343
6365
6415
6460
6492
6498
6498
6501
6581
6589
6607
6611
6673
6693
6745
6751
6768
6775
6775
6781
6821
6834
6834
6918
6918
7000
7000
7046
7047
7057
7057
7107
7107
7160
7202
7259
7301
7303
7303
7305
7305
7339
7346
7354
7382
7385
7426
7477
7600
7660
7700
7700
7825
7941
8005
8122
8168
8182
8182
8323
8377
8390
8413
8431
8436
8454
8454
8481
8517
8534
8566
8591
8591
8613
8613
8618
8652
8678
8710
8732
8742
8749
8811
8820
8820
8866
8927
8950
9000
9102
9182
9209
9250
9278
9282
9385
9444
9457
9508
9538
9550
9555
9617
9700
9718
9764
9784
9784
9787
9790
9790
9877
9877
9888
10178
10191
10288
10316
10370
10414
10509
10589
10660
10692
10714
10884
10955
11027
11114
11210
11218
11281
11304
11386
11409
11430
11440
11465
11677
11767
11775
11819
11819
11854
11944
11967
11982
12006
12021
12056
12158
12161
12166
12211
12286
12313
12319
12330
12366
12381
12442
12467
12635
12753
12773
12773
12795
13007
13015
13228
13284
13304
13324
13375
13388
13414
13582
13584
13705
13717
13751
13752
13867
13925
13926
13996
14027
14051
14070
14078
14107
14188
14212
14267
14316
14580
14623
14676
14759
14762
14795
14879
14904
14965
14977
14991
15023
15051
15099
15130
15133
15135
15164
15227
15238
15283
15339
15352
15382
15396
15481
15511
15512
15546
15562
15618
15679
15695
15704
15710
15742
15746
15799
15905
15939
16129
16191
16202
16380
16407
16575
16576
16768
16839
16845
16849
17015
17021
17277
17355
17356
17426
17467
17503
17524
17536
17680
17683
17736
17752
17764
17768
17803
17863
17976
17985
18048
18118
18181
18192
18356
18446
18512
18538
18600
18623
18652
18663
18685
18712
18865
18872
18906
18947
18992
19013
19052
19057
19070
19146
19152
19287
19363
19410
19484
19552
19590
19609
19633
19763
19767
19837
19861
19880
20008
20055
20086
20112
20251
20411
20413
20418
20489
20509
20547
20581
20581
20589
20703
20715
20725
20737
20757
20785
20808
20810
20823
20830
20865
20888
20912
20931
21042
21051
21151
21185
21278
21322
21365
21454
21491
21560
21587
21785
21896
21899
21939
21948
22040
22177
22196
22332
22369
22372
22380
22391
22521
22554
22661
22907
23156
23216
23219
23237
23260
23424
23494
23717
23874
23927
23990
24020
24063
24104
24105
24106
24127
24165
24341
24389
24457
24549
24591
24735
24735
24934
25014
25123
25129
25155
25246
25293
25315
25351
25375
25424
25450
25558
25574
25599
25602
25602
25613
25624
25656
25775
25790
25856
25957
25964
25995
26048
26053
26061
26093
26183
26194
26197
26294
26369
26421
26478
26576
26629
26693
26694
26710
26766
26889
26903
26916
26947
27040
27117
27188
27201
27201
27327
27390
27499
27542
27545
27938
27949
27978
28016
28085
28118
28149
28216
28920
28952
29001
29007
29048
29086
29154
29195
29198
29230
29345
29435
29462
29474
29508
29557
29564
29580
29596
29628
29664
29676
29691
29704
29774
29908
30000
30057
30108
30256
30313
30382
30394
30414
30506
30556
30612
30615
30647
30663
30712
30728
30801
30887
30897
30914
30952
31044
31049
31087
31166
31188
31235
31266
31302
31404
31465
31601
31631
31647
31675
31706
31729
31772
31918
31938
31945
31951
31963
57143
